1,2
3,4
5,6
7,8
9,10
11,12
13,14
15,16
17,18
19,20
21,22
23,24
25,26
27,28
29,30
31,32
33,34
35,36
37,3
3,38
18,39
40,18
41,42
30,43
44,30
45,46
47,48
49,44
44,50
4,51
52,4
53,54
55,56
57,58
14,59
60,14
61,62
63,64
56,65
66,67
68,56
67,69
70,68
68,67
71,72
62,73
74,62
10,7
7,75
76,10
77,1
1,78
79,80
81,82
83,84
85,86
87,88
89,90
91,92
80,93
94,80
16,95
96,16
97,98
99,100
101,102
103,104
105,5
5,106
107,19
19,83
108,109
86,110
83,86
38,111
112,38
113,114
115,116
104,117
118,104
119,120
43,121
122,123
124,43
125,126
127,128
92,29
29,129
130,131
132,92
133,15
15,134
135,136
137,138
139,140
141,142
143,55
55,144
145,146
147,148
149,150
151,152
153,154
155,156
157,158
159,160
161,162
163,164
165,166
167,168
169,170
54,112
171,54
172,173
112,174
175,176
36,177
178,36
179,180
181,182
183,25
25,63
63,184
75,45
48,185
45,48
186,75
187,49
49,188
189,190
188,191
192,188
193,61
64,194
61,64
195,196
197,198
199,200
201,202
203,204
205,206
207,208
69,209
210,69
211,212
213,195
195,214
215,216
217,218
219,220
164,221
222,164
223,224
225,151
154,226
151,154
227,228
229,230
58,231
232,58
233,96
98,234
96,98
12,35
235,12
35,236
20,183
237,20
238,239
240,241
183,242
243,244
90,245
120,90
246,120
247,248
249,89
89,250
162,251
198,162
214,198
252,214
253,254
255,256
257,258
259,260
128,261
262,128
236,178
178,263
264,236
26,107
109,27
27,26
107,109
265,266
231,70
70,267
268,231
269,147
147,270
271,272
273,274
275,276
277,9
9,278
279,280
272,281
282,272
283,284
285,286
176,287
288,289
290,176
291,253
253,292
293,294
295,296
297,298
299,99
99,300
301,302
303,252
252,304
305,37
37,53
53,306
274,257
307,275
260,308
257,260
275,274
93,163
309,93
166,310
163,166
116,193
311,116
193,312
313,314
315,316
317,318
319,320
321,322
323,324
325,153
153,326
185,279
281,301
327,185
304,328
279,281
301,304
318,329
330,319
319,318
331,175
177,11
11,31
31,332
175,177
333,334
335,336
129,337
82,130
100,82
338,100
130,129
216,339
340,216
341,167
170,133
136,342
133,136
167,170
343,233
234,145
145,344
233,234
6,345
150,6
284,150
346,284
347,17
17,348
158,349
350,158
39,203
351,39
206,352
203,206
276,353
8,277
46,8
354,46
277,276
355,356
357,358
266,359
360,271
361,362
363,266
271,364
152,331
332,41
41,365
366,152
331,332
367,368
369,370
34,371
372,34
173,373
374,173
375,376
377,378
336,379
380,338
263,290
381,263
290,382
338,336
114,232
174,114
383,174
232,384
106,149
261,106
149,323
385,261
323,386
387,101
101,118
118,388
389,23
23,390
391,94
94,392
393,313
316,394
395,346
313,316
346,396
182,238
184,397
398,182
242,184
238,242
111,399
314,113
113,111
400,314
65,143
401,65
143,402
379,403
404,379
405,406
407,408
409,367
367,410
204,347
349,159
159,207
207,204
347,349
411,141
141,240
240,412
296,377
413,296
377,414
365,85
85,357
326,366
415,326
357,416
366,365
95,417
418,97
97,95
278,419
420,421
422,278
59,423
424,425
200,59
426,201
201,200
427,135
138,428
135,138
429,372
373,430
372,373
72,215
431,72
215,432
245,87
87,361
433,245
364,434
361,364
402,161
161,435
436,437
438,402
280,47
47,439
440,433
434,282
282,280
433,434
441,13
13,442
443,71
71,444
445,309
446,447
309,448
324,283
286,229
229,449
283,286
450,324
388,311
311,451
452,388
453,454
32,455
42,32
110,42
456,110
457,227
230,458
227,230
459,325
325,415
416,460
415,416
461,335
337,187
187,462
335,337
463,411
464,465
411,466
399,52
467,468
52,469
470,399
376,321
321,450
414,376
471,414
450,472
473,350
350,474
84,475
140,355
358,84
476,140
355,358
477,478
479,333
333,480
481,60
60,199
199,369
369,482
73,115
117,205
329,73
115,117
208,330
205,208
330,329
475,237
241,476
237,241
476,475
483,77
134,484
77,137
137,134
485,40
40,125
125,262
262,385
385,486
442,487
339,443
488,339
443,442
78,273
156,21
21,427
428,78
421,156
273,422
422,421
427,428
425,429
430,489
490,426
426,425
429,430
345,105
126,351
352,491
492,393
105,127
127,126
396,345
351,352
393,396
403,189
191,493
189,191
494,403
322,495
386,322
486,386
496,486
497,389
392,445
447,498
499,500
389,392
445,447
501,502
503,488
488,504
289,297
300,380
382,289
297,300
380,382
505,305
506,507
305,508
509,264
264,381
381,404
404,510
359,213
302,360
213,303
303,302
360,359
468,477
511,400
480,512
400,470
470,468
477,480
513,514
515,186
186,327
327,516
244,307
308,246
246,244
307,308
437,517
518,437
24,497
248,24
88,249
362,88
249,248
500,363
363,362
497,500
370,519
520,370
521,522
287,523
454,288
288,287
524,454
220,315
334,220
315,511
512,334
511,512
148,293
228,148
449,228
293,413
413,471
472,449
471,472
525,269
269,526
527,66
66,401
519,528
401,521
521,519
455,529
530,108
108,456
456,455
51,505
224,467
469,51
507,224
467,469
505,507
517,446
446,531
532,517
121,91
254,341
22,122
342,22
91,255
122,121
255,254
341,342
160,157
157,473
320,160
533,320
473,534
267,210
489,172
172,383
212,490
210,212
535,267
383,536
490,489
397,74
74,537
538,398
398,397
294,525
539,294
525,540
310,407
541,310
410,520
407,410
520,542
190,461
462,192
192,190
461,462
209,527
202,211
528,202
211,209
527,528
543,76
514,544
76,515
515,514
448,541
531,448
542,545
546,531
541,542
408,165
165,547
502,409
409,408
548,502
239,549
412,239
466,412
550,466
123,551
552,124
124,123
196,265
435,197
498,436
197,196
265,499
436,435
499,498
487,481
368,501
482,368
481,482
504,487
501,504
553,139
142,554
139,142
555,556
131,179
256,132
132,131
179,557
292,256
558,292
529,387
28,530
194,28
312,194
451,312
387,452
452,451
530,529
218,457
394,219
458,285
219,218
285,395
395,394
457,458
554,463
465,555
463,465
555,554
353,243
439,354
243,440
354,353
440,439
384,268
268,535
536,384
535,536
522,438
438,518
518,532
545,522
532,546
546,545
551,155
419,543
50,552
544,50
155,420
420,419
543,544
552,551
559,483
484,343
343,560
483,484
561,295
295,539
540,562
539,540
270,217
217,563
564,270
478,223
223,565
566,478
371,567
568,171
171,374
374,371
423,441
569,424
444,570
424,423
441,444
356,571
460,356
572,460
523,225
225,405
405,573
574,524
524,523
180,81
81,299
575,180
299,576
168,291
577,168
291,578
146,579
580,146
581,375
375,582
348,485
583,348
485,584
537,317
317,585
586,537
549,181
181,587
588,549
589,548
548,590
390,591
592,79
79,391
391,390
250,119
119,593
594,250
2,559
258,2
595,258
559,596
102,235
491,103
493,513
144,57
57,492
103,102
251,144
235,509
328,251
516,328
510,494
492,491
494,493
509,510
513,516
