0.294953,0.262172
0.269596,0.181556
0.693002,0.246734
0.680219,0.294929
0.293237,0.263913
0.292054,0.263901
0.669204,0.160418
0.674021,0.162041
0.755843,0.117924
0.753702,0.111296
0.167848,0.539821
0.219752,0.521771
0.136117,0.517967
0.156288,0.476916
0.93474,0.700409
0.956083,0.753871
0.200687,0.478284
0.235448,0.497268
0.225226,0.436615
0.210611,0.40748
0.80364,0.039244
0.741217,0.09275
0.573021,0.369243
0.530651,0.386856
0.684643,0.935489
0.670838,0.96004
0.655054,0.859174
0.601419,0.840334
0.609046,0.933758
0.613163,0.928088
0.46413,0.760662
0.428411,0.786694
0.313639,0.473169
0.23798,0.496312
0.365109,0.915253
0.35682,0.936758
0.470573,0.885102
0.450252,0.866714
0.594312,0.456564
0.566573,0.461307
0.051954,0.048578
0.014931,0.088123
0.389118,0.380453
0.423589,0.373806
0.091726,0.615245
0.084979,0.581121
0.032341,0.626322
0.052989,0.65272
0.108113,0.210945
0.132771,0.222128
0.167176,0.112772
0.153211,0.101918
0.453523,0.912105
0.424665,0.944258
0.797246,0.379838
0.796608,0.384521
0.861351,0.344032
0.845255,0.345722
0.878306,0.419683
0.874612,0.351807
0,0.642902
0.064794,0.575957
0.848173,0.702219
0.83652,0.683188
0.732666,0.680128
0.772177,0.729514
0.151969,0.028096
0.18425,0.026326
0.942435,0.518695
0.944472,0.518026
0.637897,0.969835
0.736129,0.982817
0.678432,0.065935
0.734677,0.08686
0.849621,0.619376
0.874673,0.597438
0.062355,0.018185
0.142067,0.080557
0.143276,0.056069
0.135551,0.080167
0.518476,0.61541
0.473692,0.637958
0.431916,0.694943
0.489316,0.765067
0.255157,0.348859
0.238797,0.332644
0.252414,0.396735
0.206646,0.407055
0.525093,0.350467
0.607825,0.293512
0.709722,0.699838
0.733503,0.670466
0.79571,0.590045
0.87497,0.59683
0.84607,0.238683
0.896802,0.281025
0.426512,0.37785
0.451468,0.324083
0.342206,0.184545
0.341908,0.225277
0.437527,0.312856
0.446889,0.315089
0.430684,0.223585
0.416672,0.234102
0.316758,0.895127
0.329223,0.856393
0.47925,0.394324
0.446054,0.400276
0.919311,0.692892
1,0.684846
0.400149,0.538795
0.5185,0.595032
0.514108,0.872443
0.527881,0.974587
0.206022,0.406807
0.211178,0.324248
0.902063,0.781431
0.886018,0.690417
0.849444,0.702137
0.915022,0.689718
0.370634,0.853597
0.392585,0.883854
0.062156,0
0.145224,0
0.330145,0.83967
0.379514,0.82919
0.2327,0.566312
0.321224,0.552168
0.326964,0.5478
0.321499,0.489272
0.713582,0.455888
0.70666,0.445217
0.630995,0.392178
0.662364,0.487731
0.955959,0.572201
0.927562,0.597589
0.937455,0.622915
0.991183,0.634108
0.90453,0.367977
0.87192,0.349661
0.099551,0.765504
0.034802,0.728503
0.145569,0.426982
0.174861,0.406025
0.953696,0.76929
1,0.739521
0.318927,0.623559
0.371672,0.582456
0.356903,0.536023
0.34706,0.52907
0.918274,0
0.909439,0.048063
0.910792,0.050508
0.950238,0.070654
0.752504,0.435325
0.822045,0.410551
0.950516,0.2548
0.957086,0.212711
0.887469,0.196693
0.930561,0.261867
0.678967,0.295457
0.721743,0.303096
0.708765,0.381874
0.767493,0.3531
0.917812,0.425941
0.853087,0.426272
0.833108,0.053841
0.840754,0.104777
0.876705,0.033837
0.861575,0.102447
0.35203,0.345486
0.333684,0.394152
0.130733,0.423567
0.155339,0.337504
0.786703,0.258698
0.785023,0.260339
0.820632,0.255316
0.816038,0.364226
0.662235,0.855135
0.677552,0.92824
0.720494,0.916497
0.649858,0.870344
0.373542,0.535701
0.444017,0.453696
0.430986,0.449663
0.339081,0.50684
0.968378,0.204167
0.94771,0.126658
0.921605,0.140396
0.900235,0.181405
1,0.280541
0.914807,0.277264
0.936507,0.316543
0.94895,0.326515
0.044448,0.804342
0.03076,0.798533
0.287882,0.654053
0.300751,0.580103
0.063647,0.696436
0.105284,0.682011
0.049235,0.66039
0.057193,0.650511
0.791199,0.59521
0.777623,0.618663
0.826807,0.657863
0.79419,0.592222
0.349769,0.230159
0.420871,0.304161
0.577882,0.827275
0.574182,0.906042
0.532632,0.824123
0.516621,0.875761
0.338085,0.022271
0.338458,0.022357
0.330114,0
0.327186,0.015407
1,0.319747
0.983463,0.324605
0.539014,0.638044
0.528266,0.572336
0.888501,0.465966
0.856118,0.435207
0.411571,0.405798
0.399936,0.405761
0.435473,0.407102
0.391373,0.458086
0.113547,0.651812
0.105434,0.681979
0.905948,0.794865
0.827677,0.754583
0.859694,0.803646
0.825277,0.727954
0.672633,0.297082
0.646834,0.38591
0.830581,0.504265
0.843866,0.503385
0.62785,0.668042
0.731802,0.652907
0.662193,0.586453
0.616597,0.650531
0.718765,0.763713
0.667712,0.714589
0.896363,0.585539
0.880148,0.590638
0.618905,0.773178
0.521455,0.793317
0.300088,0.095761
0.29378,0.024662
0.984419,0.049767
0.988122,0.150914
0.248815,0.099858
0.197023,0.022089
0.232825,0.029213
0.21277,0.019245
0.246885,0.173934
0.303961,0.097344
0.235922,0.11046
0.358552,0.142621
0.286673,0.091616
0.251028,0.098391
0.800704,0.84069
0.804087,0.852008
0.822427,0.853446
0.892667,0.826832
0.799803,0.826937
0.891299,0.820746
0.719425,0.524245
0.816523,0.533512
0.15349,0.187569
0.243449,0.166515
0.727516,0.919239
0.789054,0.897701
0.787907,0.897624
0.741855,0.992732
0.550617,0.552227
0.631453,0.572541
0.905541,0.853686
0.923685,0.927433
0.517247,0.380641
0.533866,0.287524
0.501049,0.38115
0.481141,0.278058
0.450723,0.23275
0.493296,0.274472
0.537178,0.679988
0.636309,0.700972
0.587309,0.742453
0.60569,0.742063
0.961894,0.548557
0.950714,0.493699
0.307068,0.297692
0.322058,0.317101
0.352836,0.323004
0.388393,0.303472
0.281326,0
0.255684,0
0.640112,0.132388
0.622458,0.094228
0.757822,0.750412
0.701229,0.779528
0.137667,0.529077
0.062708,0.469785
0.105646,0.570001
0.04036,0.558738
0.054886,0.469642
0,0.501647
0.386474,0.385028
0.319086,0.479122
0.380076,0.385821
0.337038,0.400115
0.035381,0.103373
0.075594,0.147294
0.324875,0.632434
0.287428,0.655486
0.494209,0.149236
0.433352,0.066576
0.383123,0.13598
0.433239,0.170402
0.207474,0.610268
0.173205,0.616508
0.048874,0.221192
0.064822,0.143445
0.471797,0.504345
0.460882,0.468665
0.302616,0.365131
0.265429,0.371206
0.134383,0.226679
0.193754,0.189189
0.502828,0.025986
0.499133,0.162154
0,0.087748
0.027892,0.098142
0.912805,0.939678
0.800968,0.90959
0.427115,0.067927
0.513599,0.017159
0.674848,0.826949
0.674482,0.836815
0.696998,0.78131
0.763933,0.808632
0.588104,0.268344
0.515061,0.19322
0.56139,0.201267
0.525019,0.176524
0.332545,0.94538
0.271051,0.847401
0.749624,0.850099
0.784343,0.80758
0.773731,0.804658
0.736168,0.842054
0.93436,0.350578
0.956687,0.37103
0.106211,0.296737
0.094834,0.345599
0.178051,0.300401
0.106082,0.352363
0.164488,0.2656
0.157324,0.260214
0.02823,0.185669
0.019422,0.180884
0.065404,0.278405
0.045724,0.275762
0.071712,0.342699
0.077856,0.292064
0.030955,0.301047
0.059672,0.345016
0.125999,0.763014
0.113119,0.767889
0.167881,0.876158
0.142272,0.776103
0.082331,0.865407
0.085438,0.901181
0.269248,0.813892
0.226919,0.803226
0.200549,0.922251
0.157525,0.912783
0.2346,0.229271
0.232817,0.229777
0.625668,0.282956
0.613978,0.282377
0.389932,0.37325
0.3678,0.319108
0.758265,0.62515
0.666555,0.584433
0.733944,0.64288
0.714039,0.515291
0.935388,0.477697
0.964236,0.489805
0.773837,0.017578
0.728907,0
0.037391,0.382212
0.054523,0.404007
0.035487,0.374708
0.10855,0.397489
0.897814,0.552835
0.845603,0.503294
0.832092,0.506764
0.816241,0.53138
0.351266,0.052048
0.407031,0.048117
0.757747,0.198987
0.840333,0.239448
0.378024,0.59928
0.355796,0.691572
0.364211,0.686278
0.328152,0.673707
0.971748,0.785741
0.975509,0.807306
0.799229,0.030651
0.857721,0.030878
0.636665,0.195436
0.573146,0.195675
0.965254,0.55772
0.987767,0.600126
0.302653,0.801234
0.380821,0.827753
0.211783,0.781155
0.217764,0.787396
0.242412,0.701132
0.211205,0.750724
0,0.874069
0.111835,0.931792
0.895526,0.511078
0.879841,0.518974
0.62079,0.53729
0.702457,0.508666
0.744889,0.907847
0.729043,0.843884
0.235284,0.664916
0.224362,0.652405
0.172916,0.724497
0.236038,0.682064
0.891372,0.18703
0.81081,0.182888
0.748643,0.139568
0.762844,0.168195
0.679896,0.757623
0.617112,0.763539
0.619882,0.516133
0.551998,0.531572
0.546682,0.551631
0.617798,0.535156
0.882008,0
0.846285,0
0.756706,0.984182
0.901157,0.9553
0.447494,0.863316
0.405017,0.854386
0.994634,0.51112
1,0.455385
0.698123,0.494043
0.699264,0.498468
0.372479,0.010173
0.393551,0.040764
0.13808,0.725124
0.140301,0.724063
0.2909,0.799744
0.342189,0.787044
0.21745,0.629658
0.207298,0.615958
0.928017,0.412139
0.961749,0.402395
0.919579,0.466081
0.91443,0.458994
1,0.557461
1,0.512673
0.978765,0.426829
0.95909,0.407637
0.839931,0.105567
0.846799,0.157691
0.132397,0.648051
0.172133,0.67624
0.291442,0.263729
0.189087,0.305314
0.034147,0.243782
0,0.306698
0.272907,0.729211
0.285927,0.73583
0,0.665173
0.004182,0.73321
0.686287,0
0.599956,0.08274
0.662711,0
0.592344,0.070112
0.028389,0.186281
0,0.24335
0.406057,0.790206
0.353106,0.698075
0.386775,0.80242
0.345264,0.707112
0.523731,0.17356
0.522477,0.172716
0.494925,0.387309
0.474616,0.473798
0.519759,0.022441
0.589733,0.067404
0.555287,0.479421
0.48269,0.469347
0.608996,0.941264
0.533803,0.995055
0.196854,0
0.213812,0
0.371512,0
0.413523,0
0.513245,0
0.616937,0
0.760261,0
0.82235,0
0.969236,0
1,0.050563
0.1,0.965132
0,0.964571
0.3,0.982672
0.457538,1
0.53163,1
0.64308,1
0.740956,1
0.9,0.960676
1,0.911368
0,0.172725
0,0.211558
0,0.425791
0,0.363227
0,0.617945
0,0.518013
0,0.832213
0,0.731932
1,0.218937
1,0.150297
1,0.3707
1,0.441439
1,0.639618
1,0.588489
1,0.780258
1,0.836228
0.1,1
0.3,1
0.9,1
